646068167
781360109
371949907
884559269
978127596
374592585
576691884
778110436
584563309
954980906
588684697
750215434
887152442
700917421
474311624
400301738
805039314
650268222
352763851
921179315
730244684
103128256
879088801
379569346
886873927
554080771
322216266
804057333
946276699
893447055
178239987
737451518
691994250
345804922
518532434
321821579
926703043
878495824
449649258
840327985
578722781
735828325
608668928
670925275
766079132
106614320
706266298
422209211
116851697
906404721
444940728
553913712
786120435
927606136
589619470
700699430
323395120
403555504
122921367
798378694
422544310
554586848
766734687
829153366
814484906
285318962
299301709
637025830
609374758
402870797
883617845
461423248
698684229
173813938
663999169
656344325
149710409
811877541
570579235
219344656
444878269
686381774
175587152
400149205
802446267
166011599
558601467
786903727
587814159
559752258
131458735
317210695
562637485
665794344
939352990
883408442
482274360
657599396
735346288
695957880
414443421
883375448
799027431
253432510
654638299
626063590
292833143
572234533
127394588
677752088
686537257
384689012
501416183
996847224
422558503
823903473
445325641
155897986
454096173
795240740
229733505
560638693
387319633
328588015
120557514
223774601
741166343
334206856
998996531
826336103
418962698
243478409
212598442
690910782
536438420
787633963
236483407
724105529
223347310
731262335
393521230
419238852
650723259
850873204
962268616
667185380
971029866
446817363
152056841
253718934
330640203
209169199
946864421
952885438
771914581
187883427
550143804
584081248
399270607
123125327
544411195
383678584
475051622
319027934
215394306
338651718
990383544
351445067
492598095
214975952
617162001
109999526
580561823
296726369
218101624
588410329
122658371
491901859
685269139
255767171
891972705
897068452
607736008
961124519
610096308
660852731
244551480
687693494
267236025
369302722
145546172
175310129
169206580
530967443
790800822
264802068
408096974
110795179
931044716
566692855
577688960
833890797
772895971
361664564
266617608
903252818
822961581
167508519
404485820
969607477
478430760
162687618
111696999
527817132
737778453
892060566
537386919
607913484
760089565
233670737
195084767
361257697
540650651
895448841
568070537
512586482
322699988
775680746
969490641
521736286
277599349
618516530
613521420
952776741
110458370
959467592
176362459
326962359
696003429
721370780
361827155
714626570
455682835
122102848
542071848
582823900
551262217
215346634
676071314
315051073
715416017
670940847
489404145
536923759
196160364
386497916
837976923
449342372
690924550
491534620
602825623
388241524
285282499
938853594
221653831
575829230
521211475
607794367
483626685
203729055
106101572
866337337
494986700
991615979
708788968
155080817
333051580
618921151
675420039
900273823
778207985
337335503
456295410
275070086
992598308
456205937
586719386
148266630
574940091
192387753
149105320
733544812
392448233
696468839
257988683
303979537
208128414
670623143
603731454
414266018
205463563
450011847
117542751
404320661
439796428
560404438
642676665
518675385
936802662
395433149
525307722
588545673
584923880
287029414
229717421
441114775
615198387
893903346
379388030
250932167
835052321
795513483
967819817
157842083
455531833
240480430
396552328
449739636
781005012
468420691
796383108
723872922
681791275
103305609
708022741
510205446
964400789
398198482
323860412
113767833
157721772
770242765
797417291
426986477
948442190
859885847
236843539
562769298
191784953
322717085
569926701
269262453
354154424
815454508
790037476
506891987
726135859
245123933
687874300
412970405
746517956
298538416
413789287
823265766
243058251
982379249
288405808
536052190
755524664
772102557
223972472
271355037
260260915
183619031
408308734
780335727
784891953
233948685
227811422
438997505
294896016
986345684
838819990
889728677
801015650
100361493
703207921
597641912
382861437
751555289
808656764
937692426
722563838
749144816
719518714
793304301
363761809
353267314
837299524
987101031
289801837
791740122
570514289
499157199
100708845
506667492
316270544
826021566
896298589
352445671
692903318
774633372
996844946
179154382
485487123
695471326
651865542
893862812
957853075
416860965
385184190
699641834
211071201
623919941
856238168
405648212
245171265
590252835
561513430
100052599
616544406
972374942
189174249
343774458
586877411
141164621
425034112
350861432
139536632
340030914
305336770
550167493
910012775
115657496
834957371
493686617
542753224
638945276
437089526
951371459
805067437
729020575
224907657
368953877
738345775
863120106
564083665
389205230
521145351
886679242
149052650
398910303
219053625
175335977
313345399
459450888
802091969
198584970
349517605
702809706
535096872
483178299
940428738
882968294
787612662
998981813
598874811
481320131
210305307
577436442
730527633
108723951
682960020
962340881
310285239
154852855
541987239
435099371
727578078
957313901
876658047
385483077
303810415
790322341
516860276
348451192
727329170
830045211
193006789
110979503
912673527
341766422
264289456
292644140
513892436
647676205
295072805
769534569
226647900
142143005
574011432
648099726
662175025
265504193
473199403
238533876
941975800
629373607
105937447
576182941
980619300
432536553
151139969
222922886
913679434
208372672
132525549
799046504
794958138
558835788
596528590
278088545
794972433
824762083
161126923
528734970
709050215
995579192
625442489
521594522
941718700
168153695
984982231
507073289
813927584
876122433
970050690
700616652
461457854
893412417
871442000
727464164
146145045
349925331
754285455
115168709
459863502
540332124
378403096
339759653
474695669
592943276
586725684
859899986
373559203
464938521
122730227
147978476
750198369
557238845
541172281
126934770
556265774
413014058
129637166
907953451
744279719
621320298
768506566
755862351
783443596
629600442
780056887
261912562
776431602
898836943
477802539
758180664
353721499
611049867
302077005
609176869
487529200
609088683
691268046
775558643
156223247
642984542
579653924
746923016
991203501
957347716
617406236
206944287
641566323
902371642
360897289
209421496
326213405
515452695
192521676
615775494
613582950
999955330
582020608
114326174
828087192
465474585
863340271
804657415
521882357
874071628
778918142
694959364
640365115
226015877
862050248
812536071
755019878
925018764
947731428
774058377
339112499
816117597
334127166
684231542
169604172
390780157
841849419
240533380
118124249
257734399
383050893
968542633
919308636
109184683
539932024
287917101
194482030
692626426
716644952
690860808
533092279
312917302
949793097
554181046
247417701
657148155
268541991
504647283
667380061
951317532
901242135
518765325
225815321
926660718
433699413
315191727
596761661
823141561
208180643
135531172
195017031
316023292
736100131
519065335
836560528
739460031
224229059
542856815
871968162
709605274
168174583
184733431
891874677
124514959
259169869
696459450
934631013
625254971
337662666
219852613
633346974
495117791
807500604
917981315
619243739
126813280
690495353
248614976
280840408
483574405
854217009
603529872
913136402
499140795
163467444
325400684
770837190
331112966
265643211
845482294
473185908
815611304
148797738
483705512
357085255
566010483
259188530
737823264
404918499
766244593
809915613
957463984
258997813
601159925
136824201
984423576
952650368
387832944
647874167
469232808
803021409
201785559
463126403
941869180
583274754
436265059
634860938
525345206
224633703
475471325
126021120
401557674
499941354
285930382
152321639
424863078
445291667
487134801
268035350
573763276
143979188
390804368
456408502
197121494
402130601
923192840
317881917
314648604
791035621
158488015
997325239
573273133
430854687
540059389
692574372
967963710
467075451
443182188
738140818
252950100
693168328
620545021
385592371
851729125
688938334
988039953
963138856
181544003
705397324
800669241
942818878
765280449
118542096
886173437
126533477
820716893
739086212
305293175
634518380
734117863
340072726
179384934
215187568
677940592
646084677
959040018
579731856
974028563
988807403
655299063
123367189
927596763
618420757
238312458
568599421
291211264
198230369
681218101
522808360
912010071
871220623
974030429
412672212
830303121
626386214
788507333
953685536
343756560
893739856
261531578
803752799
780746892
948427930
847462778
115985566
835876032
513611691
141844875
874989437
516054788
572490604
647146745
940180558
206850712
295105112
543831589
958066656
307531053
522697793
491782457
201878288
832472281
808372014
571620796
343812368
197395065
300286648
982078845
883870848
445945709
607179314
131975948
109136202
270214100
327709169
185999232
235465288
292768783
236378363
237028451
870467736
529169411
519151847
216053687
496027876
804641006
943036744
729403555
476408465
169423074
647215846
363226989
636153320
557754069
233942828
681837226
224744902
433724183
993134300
368076106
776578194
322368200
850396700
754074006
497983631
233881554
312892810
339661422
375003538
602608053
295923866
445483258
754820671
984511982
543115707
585712372
197113321
163946012
594715271
179165513
827141178
525988889
300654741
548959754
718770341
736081999
634450281
617827394
841962674
383334949
285477444
343930663
485281995
221727449
144573416
299289886
982976276
572497271
767158854
302812854
954735328
721243654
645570266
843106591
532829128
807586018
838525118
706803140
291105154
541433787
614846109
176894706
129142608
861688211
815224096
322791108
394060660
411614988
682315102
604031622
285782083
785600814
713975246
865454127
363816057
514764892
315414261
355822775
900266818
403673707
732906301
134700442
326167444
831592084
829645196
293266232
161792649
827891258
433005269
752513977
889041908
153715625
803647165
615410911
759187162
549157165
927187723
222491115
441796412
626227203
405472651
939217806
145341823
454205739
512237682
111827863
943776545
751829572
235716790
339479371
373938111
796046323
374429777
385307275
363219341
266778975
599921833
594717097
201196347
753104374
743181062
941439422
661699080
682328017
382894510
247617398
857098020
819494203
941485328
635456424
856570473
841091912
690750869
824067642
102371878
764070988
867681494
287590951
852539228
576641686
397876130
503938531
680261734
327501820
350842395
390522727
467513673
513945106
339073469
764569703
480689970
805104112
819098425
781258352
433156016
116054670
799813382
454458502
635988203
758071954
922693080
234166022
558284450
699906155
376246959
692567379
304456627
204513364
648018258
141164232
926455722
699862802
464235881
652595947
733572170
713335476
988907306
221510369
461737413
188491788
125156844
200179706
942299735
485239127
257245868
737149048
982990972
435520246
696385727
234800884
464593372
949923370
938585101
922475416
333587133
386969292
348199995
478248908
776272780
199571818
802473180
962425849
959669905
467441005
728097965
226207651
351064606
152439274
611150931
649685982
431822190
777432195
200895564
921787066
506762695
789066075
613170842
291559153
310817468
807337663
714788983
322934801
140287176
111941568
563108046
422767360
800221151
414301079
181783472
612336979
881750268
812286017
909860397
922064179
280916358
593432514
535850554
783158610
881521437
361557280
698526843
621104905
409036699
279050379
711543483
612930749
809695674
393578720
633198535
417275183
212264230
926087253
635474293
816371982
330949020
930033681
868673535
324408626
195363504
764473335
154754468
762777795
215744639
146905076
511217638
572081145
785456594
901705421
383730697
660667071
315267768
552704180
768388119
533026969
496160722
902403989
922793700
492837752
897574758
975883422
778237692
202673583
840090225
199606493
792369531
736347665
349127517
623033227
260716777
688429452
914181749
147076535
308647105
952263981
325390514
265406456
130367758
623898913
439603523
820267582
267064615
581105114
959364997
106949032
777559407
263259584
226802760
681188169
822380699
258551781
186303920
458284877
789780148
540885952
477235256
594643132
321980712
920240823
869664116
636582371
896783959
433862531
819601603
264392784
522876869
309203387
266261036
171198578
316393290
807144113
111819040
356439471
207333828
711697309
589251971
619688944
458684211
359389995
823567576
844373333
872214011
510748296
713193979
412953699
404311003
181606215
904922169
259862484
223329551
691590539
423248716
183696153
558485947
511445179
353369111
948758193
206808720
131099723
670707843
321368204
735181263
412928255
990489140
316811725
430136511
250606513
989343315
558687659
611267433
606983429
998278567
117469038
361507859
231317438
712115109
161103923
703459739
166755503
684417066
975294866
614212327
225006431
673522210
772218900
897202648
870503388
374421080
472643939
943446193
269122084
335979683
779182856
216831842
820622011
782968442
751179152
339059539
292711906
831352942
326232485
399593408
967237555
787506345
682342233
120891906
693655896
154079455
215108085
211196149
500290842
790350531
553914789
352981258
439520290
933743701
854453763
401971144
535378129
110713175
501429670
669555629
814107424
196662175
122344352
483721712
525332066
132593531
493799825
935443654
506978138
440334044
675815162
631482210
155921368
973958546
217014148
983616607
668994150
545755487
517703385
889882861
948105264
921965977
103241899
710804246
283050664
250852299
343923555
732458948
915290819
410264167
861934374
491345860
392839969
357101297
901856228
878838089
831577265
491859934
528107124
336171304
285252689
144139297
327994538
590075123
390699366
759817091
828798588
809788615
530886923
194255761
689640067
593638189
263349470
974795677
215549582
617862643
587332104
273634756
938298434
417145615
263931821
196615409
995702421
151100986
672817706
539082557
877012386
661016663
190740103
745635532
927875536
117953076
767827557
440028644
532882969
869305359
188100556
515895635
125960037
826922478
133949576
195217846
381467156
786966671
738213287
804427677
354455965
667734600
446614014
381490397
652358184
732548433
269426966
390828890
639552985
170250738
232266244
867051681
284933314
252810442
751084359
500035325
686844397
152949331
487023250
273070393
756821976
478006846
395028097
217727657
145404225
549070874
853064672
416622069
222736860
855001963
715563403
314972468
305656089
973156405
616287045
428809698
968429841
898395720
245359527
471071067
955677920
137752404
284536222
644472303
503386911
758367855
213770441
934782453
850287625
907843360
709187348
168928279
613244382
435084434
580684659
740389397
688972111
214806467
285656806
435292353
382087811
500515694
572172400
454909421
671943789
367618291
446840646
314289070
514117539
107071794
668760904
352978910
631349960
229011342
756898456
898552084
521626201
581705117
395402918
446533014
205101501
412673617
775523471
315470781
400996078
113091230
901299777
588426404
398567542
469615953
171012586
225590025
969492224
646469538
251369602
496607595
641259013
845546417
963202078
714641352
769628151
378190805
100553424
795720427
726640797
929782513
847827707
141752324
358471102
114099194
909479161
634208871
738509681
667713736
903409707
978630142
760893913
659379090
260426532
101504020
383689624
900305629
227776021
798147866
567788556
531306070
327223108
390908162
681358671
884198637
198545927
657746344
979285902
951314336
568535741
598445420
996338652
314867776
144380614
566607852
385127029
237009341
695481459
759059342
552201686
678399281
296277848
927872791
496564237
173262971
312567637
589567925
829255187
502954437
538140719
579106585
201998610
530716471
687089888
623864587
101674600
346136192
343572485
525845380
423341698
948632604
342434937
785423369
656364130
570737291
479926256
917384994
857935069
556068956
813566411
829889541
479184343
789642724
352817562
331379065
178362359
429462669
463041288
514402830
999657501
236354061
903444264
595575237
498894034
727280351
766769549
560387155
937346809
344770187
794867509
243373156
715584674
125329684
921426057
408884186
198841991
995946516
256858998
897527641
792487382
421173567
837622128
324996676
118070496
541677706
457184930
336032912
332986603
662002532
203376316
271089179
597082534
647354718
545433824
206919815
363511659
776811873
433463119
340614456
212851883
862318634
660367270
892626197
888501882
969791677
219462951
276080385
746847816
402903122
177799936
374823662
277066797
966956102
798811250
845254248
256401974
819514603
768310891
906187825
581148320
444807238
823294900
639270323
140850752
862007240
306178990
730185102
790006583
292231830
680685108
859331866
477198405
641551897
242724437
411813195
674434626
520389888
611763035
228205037
232254059
437414310
763546021
816202837
609738987
268143821
445285278
824797760
633770498
905118170
104073901
372717494
907285727
292208601
387879006
872649982
822882814
264304597
954278446
647073146
638784621
116068073
824496139
315728012
512356312
928495164
120155424
736665729
905663536
194927726
990393562
746768059
853337317
441061011
625616935
786741302
539872106
966598283
226183099
581150673
274210435
782095872
330463937
766597556
342170338
723561345
127073127
632023442
322203168
365770577
782584652
181726191
878603141
983760834
234969635
516374722
559297415
619068231
878973722
342458516
682552926
554572011
281209868
273792805
894190441
911433727
203117499
512437464
503296107
507529741
286595291
509187699
554261066
513973722
734388871
393832880
364485097
192314580
984335973
268648669
346330038
919730024
354425985
956656419
191451162
470873899
760162955
514970893
812047576
158299632
878637345
324413907
379243982
772092084
899872694
303298066
550928649
109031623
518075837
874146185
708537959
572019907
431089140
157136024
652445962
190318892
942588563
746904083
741723128
813693470
879859921
206525965
654690297
646872618
790842488
883473215
761316929
260070828
766607859
924336377
924233965
430071516
727025090
863440216
880206445
840549118
528358285
220614568
157258907
306831417
729787837
959068570
306269430
683873106
770369856
381298103
659671566
399257445
167960660
487887177
963614927
563316275
560358623
656223820
317344018
816194749
942017043
882126301
344037186
386600466
811249098
817231663
657475737
256201833
560813612
391016003
547938202
849850204
340207607
629990542
651065112
426377175
491523312
732647721
574258413
170391796
340422051
734614949
940788974
453228847
899866803
271333492
760489841
946576713
787124837
653262280
243831201
327567508
682039548
542959197
660416797
325888280
684853759
813245606
834632020
245199731
494634170
886397364
597008127
457374317
204504958
180984640
345048039
545952426
102461144
805411744
449141184
354835907
243915834
337950660
192504447
541861402
319335215
906120305
635668816
980663775
999599938
841938891
480242495
141070341
572191935
890707522
329473645
795134915
173147513
222251116
634143736
115728107
538721790
843915870
652054249
401425551
767206216
286704456
703789569
568290021
476999790
206159249
802002341
585256779
375882662
747142853
522852579
358767477
222376284
906514113
352714220
367316626
289816294
511794472
880672535
457621205
391967216
844770073
567828797
162265876
860739624
917822213
621606017
964002243
667353501
671536345
481399021
476495374
334473408
784015752
966795623
182235798
562196006
162290962
925835638
356129275
656530492
443271021
818021202
534909097
156238111
694491767
829643667
316374866
111020591
117346330
235374702
325255908
971491331
494737827
249319500
921632873
527093257
861558558
582011504
735148508
297296401
721519325
102648505
438779381
829537272
927111408
664051558
583528466
679931429
622181749
457074887
904337091
769332936
515637798
488940643
241288290
705978242
726120583
779834938
918645402
740397990
441227107
883657715
218175747
671814746
842486082
421257337
340564143
457989695
188044553
166056753
517890616
160758993
807766720
161445627
871404230
774396453
734413038
151965705
725124246
441139784
498398869
992722512
589252975
795654376
577802008
177179211
358702483
171264125
348181711
328268744
676583544
353209211
607667217
419387080
593606474
368275425
143987872
432933463
361191960
238169650
444371503
624097109
703086492
694292588
578773648
452450238
737913368
337398884
256713479
687449947
559002592
706946078
175928678
221229723
138962261
724995821
815327201
644391443
219887585
570595198
114087933
692066688
543006803
781772503
410980729
729203025
628050914
576853367
626153724
742178456
946441066
299637803
348753743
527939481
384396021
242455657
925336154
765734679
898604278
198508244
959879845
659256162
583324447
673739028
841774912
437527815
111080241
332234253
277269519
418888887
611841836
404911663
894100166
310870641
601478010
656572619
824454248
545249661
131325012
818934475
644823604
832474198
893610513
746844232
737113212
105861182
514950377
306774318
707362222
549840461
127523248
635158206
523942801
413237485
855798981
117856046
908717453
991441230
216200313
173617566
150066776
840670370
841376943
391091293
837839567
120036848
782883102
562180060
437444260
961963736
586741562
444336370
411755225
646098652
311052034
116236899
160981888
904244507
172713729
436054097
813882825
472780074
969928920
144749221
447733254
582434373
229234653
890946759
539152183
125710653
690347315
878793665
618809089
137060178
684905449
716994823
379585534
196705423
617835597
267351665
533981451
603073426
236220366
601999277
171793420
523901069
576415376
858216516
225102298
342894651
567998563
504538895
994636180
539435454
478603502
932853596
564932334
892324053
838424910
809693744
981342358
624826582
752156378
745760375
403872212
242419550
448539937
906813207
193309038
496692914
441105130
635693793
627193778
439308835
482301843
971367309
262251978
179464607
568447293
996104252
166675118
605036688
233666941
294871202
737988976
686103506
818120563
534061138
108592273
671421311
575098351
250720206
368586753
670433500
499338753
365120170
456092936
790857121
160546072
305969080
922294306
911680238
827122822
464974896
648343960
110469641
689457157
716805480
610458735
161257100
874553945
902193569
396487750
548190914
545467573
516967812
598131553
307367666
429084894
496791576
405940105
867608377
111248863
448615034
283187955
790789413
631227283
212863381
153537280
217374542
866499295
897739292
761812842
581725098
800950483
907155285
648993401
935606026
951104342
889391129
808402201
753206638
462744528
313968056
665381141
445608778
933586693
227134485
427002047
238317298
815000480
473900567
510057135
957003444
536860117
948576704
770862469
524804060
421171248
823916479
186259207
116001045
717944281
479810199
747182103
428894410
844056480
708704992
143200537
554514412
884128970
408898690
850238171
991156031
452656084
895607475
395296729
357944434
124153537
760828283
527719444
482307456
949442963
448071290
375404727
790021444
307560624
863380335
555278426
284002793
323362321
755559435
956398285
450631503
596522241
586794700
599384190
874063632
706146980
167375647
167554165
894569454
371291380
498646865
861992866
963162160
524268599
176733504
945263880
362756454
825951525
306235973
161711418
565461758
234769002
296015180
890408099
456322115
891547757
400331275
561337895
946575587
103934613
217301502
521713687
619653231
833369908
809186639
812058719
739887816
575079861
234670654
110853076
693828079
755963660
187181378
325912506
348584167
149639375
785174102
991721330
659699345
107765007
615387408
870063285
456958976
452333714
994241148
204710790
188356289
741844655
197225792
446642812
494283312
148766717
193034219
501163840
830159915
603770526
640456108
274653151
877601872
477366387
551196075
742754273
784190112
522606787
360774416
359219779
991033127
282609489
118981730
767270575
732623807
701895056
695428214
330599628
502223819
371530283
178386273
735667147
261621798
784435844
650151483
650995910
487334607
501493530
834852238
467613606
708369145
617473766
755444334
463583747
397474283
779186680
687284983
421873619
191538292
702044751
108439136
305118043
104510195
894444554
755661199
309523989
239418232
188411823
220539947
279342196
227265646
654302704
240701343
774602041
197148669
744567592
948937488
370191936
218974929
213703865
759953107
657279961
866113381
120659633
919892462
660169034
892912340
274843213
688441294
908773602
134625705
339999068
308848044
387299877
654510635
631656522
890040771
287845862
647042150
947454020
735330621
282104653
211304979
355832719
467525407
515906621
543907028
627433108
500029234
667587937
180005522
742222287
851203310
749170256
435078744
586009048
807429661
486598482
355595436
121935383
960990586
647545986
856060926
773043469
753421586
111582854
174636738
779123451
138576816
969954414
764591411
768799752
318303206
694561885
249781839
731940878
488662667
180221814
620377008
418327877
603597142
508324828
888296812
714729541
587881288
226690428
840992683
175491793
659935399
260293726
772618975
713327601
255858139
499603709
898785960
852013796
998230868
715355387
322347592
366643502
319826971
345135751
530789590
179318111
148732033
756002643
449643207
130599505
659500814
158215023
835543675
899920019
957247345
844435879
458808982
475865728
197464373
394273576
587814433
666353049
364533134
494940864
492950568
239982770
350154788
350760780
886624101
626374881
882975663
484860343
475103282
692699302
666470479
256626364
756674748
176291490
485714814
258919590
282426541
730225161
708046812
477734443
995075748
702816541
769423267
695515895
326558810
359130732
867408303
167691375
686579173
396663187
180258291
828925392
822032430
862323083
345555958
366630635
123851294
678058593
854326595
963918060
484084082
958827230
946351259
347857826
612481396
355260876
199815586
792657871
917164982
870568425
459419183
550997325
516187661
880483015
331568962
196767441
589140875
166193604
980629779
911610649
178436896
650340607
795831407
779103804
765461596
840601542
743600629
720079950
698207385
122528360
306187516
173416986
379753315
919193122
786029729
608472645
246453394
542838990
587391145
752605379
848759412
559444047
467617132
692815132
472267450
109845572
745349584
413479651
673984503
748999449
439428750
239257108
832522867
219474606
623703002
406518506
230076889
145779671
802673168
988692569
194382011
243909056
435510216
803255627
556342057
972539499
493076797
114044260
555631801
920122206
591493354
470000983
698896476
668392514
339703982
120714978
734214832
589130298
829216133
851717081
387137026
141209835
953250088
483457425
145020794
523454211
824527318
506052503
886866601
694228709
592911305
221194447
482440211
390667973
755748220
913675155
419565607
868600398
335801912
118007671
518447546
230864752
417591937
576067507
605048332
796478351
603890635
119174650
969556500
241531226
836764419
330257006
811673054
901295528
876211144
617503643
951970720
521717267
577707292
586944783
596932625
928706163
569643211
824617228
511046595
152244517
353235817
802146557
362144473
373273897
693700257
538374767
911633327
701756524
977490932
501718801
616014004
209170773
126696676
922671527
483344400
931261016
719163869
817353835
116409241
540299418
759450936
757981926
597285810
537152623
952951514
523804088
598090009
738377296
826182781
489987126
619801864
496528919
764268284
342355697
515000723
932072227
376170141
491836636
210637596
763608336
743214675
226105829
267129324
450357260
364193803
283085940
934403430
509506045
660282215
406117536
850104919
510841247
586084393
826719120
194267520
711640713
872248008
788044126
303089921
878179896
289752772
121152388
564454904
567202604
183677651
398923991
243644231
779354965
712576563
873448340
133817635
119781463
451509493
466325101
961752063
533554263
474639629
711147425
238509412
259105478
282409142
141646986
540530967
874305421
503380118
853368806
444565735
685461385
487270125
794510188
646729354
187387308
698458485
520924733
461498248
855363587
888812346
755482128
386424652
257418878
101942722
832859680
702682226
899348798
716482617
184715933
311166441
145948754
904938797
702588684
594759870
174648327
482701481
365254885
568110493
317429036
532712729
625188275
708343430
326552339
321048775
126062389
565726055
617016185
831463570
222052533
349916524
949243802
763055049
749886791
400590785
275069175
696471012
455423180
165997461
833084768
138026117
749917568
693607166
842686460
850537654
876282345
783154082
715653179
271192999
863330538
486256662
733883011
538125962
453854977
169860462
548176917
783560941
646626966
331107053
339369164
417809177
606988038
624507051
988036344
239843356
368642173
107128469
996409646
799374258
461974162
912851946
886565297
315262680
855669317
743136378
951605288
931341978
336328217
109924885
224538986
283675354
779880699
951370637
887725934
511721419
881856861
212555625
128274293
262144542
789147385
813291148
922964816
631000811
912479255
995825014
197707701
664215841
263155638
734460120
684603767
547331903
434430171
337606006
871080291
246674507
480709865
391899867
538517232
936591699
939276045
665445921
391383528
827083944
646250826
385608883
556831731
385153983
838649531
786880557
378155805
702473881
238099015
590166554
933513367
764281641
940230185
326502476
471783481
402116641
988456564
264431273
843527961
584655472
835053155
989464167
769907015
968575237
588842424
601256244
298433904
629532874
455104487
882710096
405791999
927761439
344590392
634061380
168557265
297695630
574983260
882224311
751030314
232992927
740415013
122913917
348783097
167747307
686321583
343166938
994208030
476573397
335330927
709409230
425473855
486073762
652027696
865724064
662308839
947779784
469495972
128344179
490386106
203578806
390150356
537670841
543958656
361481019
225765196
581860706
131265210
806460878
759542612
171581684
386183375
903256800
551049510
717585839
789938388
358239345
589302905
985783734
587906960
118213805
232746746
761562114
390960949
822131237
462115446
182323353
766394232
841340614
531464702
897711634
921166254
871903313
158027632
789300114
691150928
642227688
610273917
112014446
518046916
878909497
433435896
481030633
408511539
697339178
388384529
614079329
371680311
396129729
511589153
964691012
583415544
443424603
577226022
413040045
836171597
465695863
932903757
564778540
354624490
577680596
433717610
131813237
881706802
922679447
423343452
580359839
412784294
414546957
261550147
129552057
938315213
399986674
244858792
376634868
576985417
927407085
745008549
853053339